<CustomNonbondedForce energy="disp/(r^8 + r0^8); disp=dispTable(t1,t2); r0=rTable(t1,t2)" bondCutoff="2">
<Function name="dispTable" type="Discrete2D" xsize="6" ysize="6">
-0.00013408979432000007	0.0	0.0	0.0	0.0	0.0	0.0	-0.0023040265430400012	-0.0016299639761600008	0.0	0.0	0.0	0.0	-0.0016299639761600008	-0.0011953098056000006	0.0	0.0	0.0	0.0	0.0	0.0	0.0	0.0	0.0	0.0	0.0	0.0	0.0	0.0	0.0	0.0	0.0	0.0	0.0	0.0	0.0
</Function>
<Function name="rTable" type="Discrete2D" xsize="6" ysize="6">
0.19490000000000002	0.0	0.0	0.0	0.0	0.0	0.0	0.20450000000000002	0.20450000000000002	0.0	0.0	0.0	0.0	0.20450000000000002	0.20450000000000002	0.0	0.0	0.0	0.0	0.0	0.0	0.0	0.0	0.0	0.0	0.0	0.0	0.0	0.0	0.0	0.0	0.0	0.0	0.0	0.0	0.0
</Function>
<PerParticleParameter name="t"/>
<Atom type="O0" t="0"/>
<Atom type="C1" t="1"/>
<Atom type="C2" t="2"/>
<Atom type="H0" t="3"/>
<Atom type="H1" t="4"/>
<Atom type="H2" t="5"/>
</CustomNonbondedForce>

<CustomNonbondedForce energy="disp/(r^6 + r0^6); disp=dispTable(t1,t2); r0=rTable(t1,t2)" bondCutoff="2">
<Function name="dispTable" type="Discrete2D" xsize="6" ysize="6">
-0.002165441752000001	-0.0017272974560000006	-0.0030282913360000015	0.0	0.0	0.0	-0.0017272974560000006	-0.0016651274000000008	-0.0029534939680000015	0.0	0.0	0.0	-0.0030282913360000015	-0.0029534939680000015	-0.004218149808000002	0.0	0.0	0.0	0.0	0.0	0.0	0.0	0.0	0.0	0.0	0.0	0.0	0.0	0.0	0.0	0.0	0.0	0.0	0.0	0.0	0.0
</Function>
<Function name="rTable" type="Discrete2D" xsize="6" ysize="6">
0.19490000000000002	0.19970000000000002	0.19970000000000002	0.0	0.0	0.0	0.19970000000000002	0.20450000000000002	0.20450000000000002	0.0	0.0	0.0	0.19970000000000002	0.20450000000000002	0.20450000000000002	0.0	0.0	0.0	0.0	0.0	0.0	0.0	0.0	0.0	0.0	0.0	0.0	0.0	0.0	0.0	0.0	0.0	0.0	0.0	0.0	0.0
</Function>
<PerParticleParameter name="t"/>
<Atom type="O0" t="0"/>
<Atom type="C1" t="1"/>
<Atom type="C2" t="2"/>
<Atom type="H0" t="3"/>
<Atom type="H1" t="4"/>
<Atom type="H2" t="5"/>
</CustomNonbondedForce>

<CustomNonbondedForce energy="a*exp(-alpha*r); a=aTable(t1,t2); alpha=alphaTable(t1,t2)" bondCutoff="2">
<Function name="aTable" type="Discrete2D" xsize="6" ysize="6">
488734.086	601269.6277600001	2699721.0210400005	19144.490312	11436.256904000002	7087.231576	601269.6277600001	147099.925584	255327.432664	13915.025864000001	14606.92976	15194.597664	2699721.0210400005	255327.432664	322103.58732	6139.932136	16196.100824	18428.377792000003	19144.490312	13915.025864000001	6139.932136	1962.781344	3543.132536	3620.913096	11436.256904000002	14606.92976	16196.100824	3543.132536	13373.080712	5311.408088000001	7087.231576	15194.597664	18428.377792000003	3620.913096	5311.408088000001	3547.534104
</Function>
<Function name="alphaTable" type="Discrete2D" xsize="6" ysize="6">
37.57	40.629999999999995	42.55	49.93	35.129999999999995	35.3	40.629999999999995	27.799999999999997	30.169999999999998	35.03	35.11	34.96	42.55	30.169999999999998	31.48	34.99	35.059999999999995	35.16	49.93	35.03	34.99	35.269999999999996	35.17999999999999	35.65	35.129999999999995	35.11	35.059999999999995	35.17999999999999	44.08	38.42	35.3	34.96	35.16	35.65	38.42	35.83
</Function>
<PerParticleParameter name="t"/>
<Atom type="O0" t="0"/>
<Atom type="C1" t="1"/>
<Atom type="C2" t="2"/>
<Atom type="H0" t="3"/>
<Atom type="H1" t="4"/>
<Atom type="H2" t="5"/>
</CustomNonbondedForce>
